20	5.84
20.36	5.83
20.73	5.82
21.11	5.82
21.5	5.81
21.89	5.8
22.29	5.8
22.69	5.79
23.1	5.78
23.52	5.77
23.95	5.76
24.39	5.75
24.83	5.74
25.28	5.73
25.74	5.72
26.21	5.71
26.69	5.7
27.18	5.69
27.67	5.68
28.17	5.67
28.69	5.65
29.21	5.64
29.74	5.63
30.28	5.61
30.83	5.6
31.39	5.58
31.97	5.56
32.55	5.55
33.14	5.53
33.74	5.51
34.36	5.49
34.98	5.47
35.62	5.45
36.27	5.42
36.93	5.4
37.6	5.38
38.28	5.35
38.98	5.33
39.69	5.3
40.41	5.27
41.15	5.24
41.9	5.21
42.66	5.17
43.44	5.14
44.23	5.11
45.03	5.07
45.85	5.03
46.68	4.99
47.53	4.95
48.4	4.9
49.28	4.86
50.18	4.81
51.09	4.76
52.02	4.71
52.97	4.66
53.93	4.6
54.91	4.55
55.91	4.49
56.93	4.43
57.97	4.36
59.02	4.3
60.09	4.23
61.19	4.16
62.3	4.08
63.44	4.01
64.59	3.93
65.77	3.85
66.96	3.76
68.18	3.68
69.42	3.59
70.69	3.5
71.97	3.4
73.28	3.31
74.62	3.21
75.97	3.1
77.36	3
78.76	2.89
80.2	2.78
81.66	2.67
83.14	2.55
84.66	2.43
86.2	2.31
87.77	2.19
89.36	2.06
90.99	1.93
92.65	1.8
94.33	1.67
96.05	1.54
97.8	1.41
99.58	1.27
101.39	1.14
103.23	1
105.11	0.87
107.03	0.74
108.97	0.61
110.96	0.47
112.98	0.34
115.03	0.21
117.13	0.08
119.26	-0.06
121.43	-0.2
123.64	-0.33
125.89	-0.47
128.18	-0.61
130.51	-0.74
132.89	-0.87
135.31	-1
137.77	-1.13
140.28	-1.26
142.83	-1.38
145.43	-1.5
148.07	-1.62
150.77	-1.74
153.51	-1.86
156.31	-1.97
159.15	-2.08
162.05	-2.18
165	-2.28
168	-2.38
171.06	-2.48
174.17	-2.57
177.34	-2.66
180.57	-2.75
183.86	-2.84
187.2	-2.92
190.61	-3
194.08	-3.08
197.61	-3.16
201.21	-3.23
204.87	-3.3
208.6	-3.37
212.39	-3.44
216.26	-3.5
220.19	-3.57
224.2	-3.63
228.28	-3.68
232.44	-3.74
236.67	-3.79
240.97	-3.84
245.36	-3.88
249.82	-3.93
254.37	-3.97
259	-4.01
263.71	-4.05
268.51	-4.08
273.4	-4.11
278.38	-4.15
283.44	-4.18
288.6	-4.21
293.85	-4.24
299.2	-4.27
304.65	-4.3
310.19	-4.33
315.84	-4.36
321.59	-4.39
327.44	-4.42
333.4	-4.45
339.47	-4.49
345.64	-4.52
351.93	-4.55
358.34	-4.58
364.86	-4.6
371.5	-4.63
378.26	-4.65
385.15	-4.66
392.16	-4.68
399.29	-4.68
406.56	-4.68
413.96	-4.68
421.49	-4.67
429.16	-4.65
436.97	-4.63
444.93	-4.61
453.02	-4.58
461.27	-4.56
469.66	-4.54
478.21	-4.52
486.91	-4.5
495.78	-4.48
504.8	-4.47
513.99	-4.46
523.34	-4.46
532.87	-4.45
542.56	-4.45
552.44	-4.46
562.49	-4.46
572.73	-4.46
583.15	-4.47
593.77	-4.48
604.57	-4.48
615.57	-4.5
626.78	-4.51
638.18	-4.53
649.8	-4.55
661.63	-4.57
673.67	-4.59
685.93	-4.62
698.41	-4.65
711.12	-4.69
724.06	-4.72
737.24	-4.77
750.66	-4.82
764.32	-4.88
778.23	-4.94
792.39	-5.01
806.82	-5.09
821.5	-5.17
836.45	-5.26
851.67	-5.36
867.17	-5.46
882.96	-5.56
899.02	-5.66
915.39	-5.75
932.05	-5.85
949.01	-5.94
966.28	-6.02
983.87	-6.09
1001.77	-6.14
1020	-6.18
1038.57	-6.21
1057.47	-6.21
1076.71	-6.19
1096.31	-6.15
1116.26	-6.09
1136.58	-6.01
1157.26	-5.9
1178.32	-5.77
1199.77	-5.62
1221.6	-5.45
1243.84	-5.25
1266.47	-5.03
1289.52	-4.79
1312.99	-4.54
1336.89	-4.28
1361.22	-4
1385.99	-3.71
1411.22	-3.42
1436.9	-3.11
1463.05	-2.8
1489.68	-2.49
1516.79	-2.16
1544.4	-1.82
1572.5	-1.48
1601.12	-1.12
1630.26	-0.75
1659.93	-0.37
1690.14	0.01
1720.9	0.41
1752.22	0.81
1784.11	1.22
1816.58	1.63
1849.64	2.04
1883.3	2.45
1917.58	2.86
1952.48	3.28
1988.01	3.69
2024.19	4.11
2061.03	4.52
2098.54	4.94
2136.73	5.37
2175.62	5.8
2215.22	6.23
2255.53	6.67
2296.58	7.1
2338.38	7.52
2380.94	7.94
2424.27	8.33
2468.39	8.71
2513.31	9.05
2559.05	9.37
2605.63	9.65
2653.05	9.9
2701.33	10.11
2750.5	10.3
2800.55	10.45
2851.52	10.59
2903.42	10.7
2956.26	10.79
3010.06	10.86
3064.85	10.91
3120.62	10.94
3177.42	10.95
3235.25	10.94
3294.13	10.91
3354.08	10.86
3415.12	10.8
3477.27	10.73
3540.56	10.65
3605	10.56
3670.6	10.46
3737.41	10.36
3805.43	10.26
3874.68	10.15
3945.2	10.03
4017	9.92
4090.11	9.8
4164.55	9.68
4240.34	9.56
4317.51	9.44
4396.09	9.32
4476.1	9.21
4557.56	9.09
4640.5	8.99
4724.96	8.89
4810.95	8.8
4898.51	8.72
4987.66	8.65
5078.43	8.58
5170.86	8.53
5264.97	8.48
5360.79	8.44
5458.35	8.4
5557.69	8.36
5658.84	8.33
5761.82	8.3
5866.69	8.27
5973.46	8.25
6082.17	8.23
6192.87	8.22
6305.57	8.21
6420.33	8.2
6537.18	8.2
6656.15	8.2
6777.29	8.21
6900.63	8.21
7026.22	8.22
7154.1	8.22
7284.3	8.22
7416.87	8.21
7551.85	8.19
7689.29	8.15
7829.23	8.1
7971.72	8.03
8116.8	7.94
8264.53	7.82
8414.94	7.69
8568.09	7.53
8724.02	7.37
8882.79	7.2
9044.46	7.02
9209.06	6.85
9376.66	6.67
9547.31	6.48
9721.07	6.3
9897.99	6.11
10078.13	5.92
10261.55	5.72
10448.3	5.52
10638.45	5.31
10832.07	5.09
11029.21	4.87
11229.94	4.64
11434.32	4.41
11642.41	4.17
11854.3	3.94
12070.04	3.69
12289.71	3.45
12513.38	3.2
12741.12	2.95
12973	2.7
13209.1	2.45
13449.5	2.21
13694.28	1.96
13943.51	1.73
14197.27	1.49
14455.66	1.25
14718.74	1.02
14986.62	0.78
15259.37	0.55
15537.08	0.31
15819.85	0.08
16107.76	-0.15
16400.92	-0.39
16699.41	-0.62
17003.33	-0.86
17312.78	-1.1
17627.86	-1.34
17948.68	-1.58
18275.34	-1.82
18607.94	-2.06
18946.6	-2.31
19291.42	-2.56
19642.52	-2.81
20000	-3.06